Skeleton: skeleton://DungeonCreeper/resources/entity/creature/imp/imp.ske
frames: 179
delay: 0.041667
bones_data:
    Pelvis:
        1: 1.000000, 0.000000, 0.000000, -0.000000, -0.000000, 0.092762, 0.995688, -0.006811, -0.000000, -0.995688, 0.092762, -0.056684, 0.000000, 0.000000, 0.000000, 1.000000  
        2: 1.000000, 0.000000, 0.000000, -0.000000, -0.000000, 0.092365, 0.995725, -0.006702, -0.000000, -0.995725, 0.092365, -0.056442, 0.000000, 0.000000, 0.000000, 1.000000  
        3: 1.000000, 0.000000, 0.000000, -0.000000, -0.000000, 0.091701, 0.995787, -0.006516, -0.000000, -0.995787, 0.091701, -0.056037, 0.000000, 0.000000, 0.000000, 1.000000  
        4: 1.000000, 0.000000, 0.000000, -0.000000, -0.000000, 0.090770, 0.995872, -0.006251, -0.000000, -0.995872, 0.090770, -0.055468, 0.000000, 0.000000, 0.000000, 1.000000  
        5: 1.000000, 0.000000, 0.000000, -0.000000, -0.000000, 0.089572, 0.995980, -0.005906, -0.000000, -0.995980, 0.089572, -0.054738, 0.000000, 0.000000, 0.000000, 1.000000  
        6: 1.000000, 0.000000, 0.000000, -0.000000, -0.000000, 0.088114, 0.996110, -0.005479, -0.000000, -0.996110, 0.088114, -0.053848, 0.000000, 0.000000, 0.000000, 1.000000  
        7: 1.000000, 0.000000, 0.000000, -0.000000, -0.000000, 0.086403, 0.996260, -0.004969, -0.000000, -0.996260, 0.086403, -0.052804, 0.000000, 0.000000, 0.000000, 1.000000  
        8: 1.000000, 0.000000, 0.000000, -0.000000, -0.000000, 0.084452, 0.996428, -0.004375, -0.000000, -0.996428, 0.084452, -0.051614, 0.000000, 0.000000, 0.000000, 1.000000  
        9: 1.000000, 0.000000, 0.000000, -0.000000, -0.000000, 0.082278, 0.996610, -0.003699, -0.000000, -0.996609, 0.082278, -0.050286, 0.000000, 0.000000, 0.000000, 1.000000  
        10: 1.000000, 0.000000, 0.000000, -0.000000, -0.000000, 0.079900, 0.996803, -0.002942, -0.000000, -0.996803, 0.079900, -0.048835, 0.000000, 0.000000, 0.000000, 1.000000  
        11: 1.000000, 0.000000, 0.000000, -0.000000, -0.000000, 0.077344, 0.997004, -0.002106, -0.000000, -0.997004, 0.077344, -0.047275, 0.000000, 0.000000, 0.000000, 1.000000  
        12: 1.000000, 0.000000, 0.000000, -0.000000, -0.000000, 0.074640, 0.997211, -0.001197, -0.000000, -0.997211, 0.074640, -0.045624, 0.000000, 0.000000, 0.000000, 1.000000  
        13: 1.000000, 0.000000, 0.000000, -0.000000, -0.000000, 0.071820, 0.997418, -0.000219, -0.000000, -0.997418, 0.071820, -0.043903, 0.000000, 0.000000, 0.000000, 1.000000  
        14: 1.000000, 0.000000, 0.000000, -0.000000, -0.000000, 0.068921, 0.997622, 0.000820, -0.000000, -0.997622, 0.068921, -0.042133, 0.000000, 0.000000, 0.000000, 1.000000  
        15: 1.000000, 0.000000, 0.000000, -0.000000, -0.000000, 0.065982, 0.997821, 0.001913, -0.000000, -0.997821, 0.065982, -0.040338, 0.000000, 0.000000, 0.000000, 1.000000  
        16: 1.000000, 0.000000, 0.000000, -0.000000, -0.000000, 0.063042, 0.998011, 0.003050, -0.000000, -0.998011, 0.063042, -0.038543, 0.000000, 0.000000, 0.000000, 1.000000  
        17: 1.000000, 0.000000, 0.000000, -0.000000, -0.000000, 0.060141, 0.998190, 0.004221, -0.000000, -0.998190, 0.060141, -0.036771, 0.000000, 0.000000, 0.000000, 1.000000  
        18: 1.000000, 0.000000, 0.000000, -0.000000, -0.000000, 0.057319, 0.998356, 0.005417, -0.000000, -0.998356, 0.057319, -0.035047, 0.000000, 0.000000, 0.000000, 1.000000  
        19: 1.000000, 0.000000, 0.000000, -0.000000, -0.000000, 0.054611, 0.998508, 0.006627, -0.000000, -0.998508, 0.054611, -0.033393, 0.000000, 0.000000, 0.000000, 1.000000  
        20: 1.000000, 0.000000, 0.000000, -0.000000, -0.000000, 0.052051, 0.998644, 0.007840, -0.000000, -0.998644, 0.052051, -0.031829, 0.000000, 0.000000, 0.000000, 1.000000  
        21: 1.000000, 0.000000, 0.000000, -0.000000, -0.000000, 0.049668, 0.998766, 0.009048, -0.000000, -0.998766, 0.049668, -0.030373, 0.000000, 0.000000, 0.000000, 1.000000  
        22: 1.000000, 0.000000, 0.000000, -0.000000, -0.000000, 0.047489, 0.998872, 0.010240, -0.000000, -0.998872, 0.047489, -0.029041, 0.000000, 0.000000, 0.000000, 1.000000  
        23: 1.000000, 0.000000, 0.000000, -0.000000, -0.000000, 0.045533, 0.998963, 0.011409, -0.000000, -0.998963, 0.045533, -0.027846, 0.000000, 0.000000, 0.000000, 1.000000  
        24: 1.000000, 0.000000, 0.000000, -0.000000, -0.000000, 0.043817, 0.999040, 0.012548, -0.000000, -0.999039, 0.043817, -0.026798, 0.000000, 0.000000, 0.000000, 1.000000  
        25: 1.000000, 0.000000, 0.000000, -0.000000, -0.000000, 0.042355, 0.999103, 0.013650, -0.000000, -0.999103, 0.042355, -0.025904, 0.000000, 0.000000, 0.000000, 1.000000  
        26: 1.000000, 0.000000, 0.000000, -0.000000, -0.000000, 0.041153, 0.999153, 0.014711, -0.000000, -0.999153, 0.041153, -0.025170, 0.000000, 0.000000, 0.000000, 1.000000  
        27: 1.000000, 0.000000, 0.000000, -0.000000, -0.000000, 0.040218, 0.999191, 0.015726, -0.000000, -0.999191, 0.040218, -0.024598, 0.000000, 0.000000, 0.000000, 1.000000  
        28: 1.000000, 0.000000, 0.000000, -0.000000, -0.000000, 0.039552, 0.999218, 0.016693, -0.000000, -0.999217, 0.039552, -0.024191, 0.000000, 0.000000, 0.000000, 1.000000  
        29: 1.000000, 0.000000, 0.000000, -0.000000, -0.000000, 0.039154, 0.999233, 0.017609, -0.000000, -0.999233, 0.039154, -0.023948, 0.000000, 0.000000, 0.000000, 1.000000  
        30: 1.000000, 0.000000, 0.000000, -0.000000, -0.000000, 0.039022, 0.999238, 0.018473, -0.000000, -0.999238, 0.039022, -0.023867, 0.000000, 0.000000, 0.000000, 1.000000  
        31: 1.000000, 0.000000, 0.000000, -0.000000, -0.000000, 0.039022, 0.999238, 0.019325, -0.000000, -0.999238, 0.039022, -0.023867, 0.000000, 0.000000, 0.000000, 1.000000  
        32: 1.000000, 0.000000, 0.000000, -0.000000, -0.000000, 0.039022, 0.999238, 0.020207, -0.000000, -0.999238, 0.039022, -0.023867, 0.000000, 0.000000, 0.000000, 1.000000  
        33: 1.000000, 0.000000, 0.000000, -0.000000, -0.000000, 0.039022, 0.999238, 0.021118, -0.000000, -0.999238, 0.039022, -0.023867, 0.000000, 0.000000, 0.000000, 1.000000  
        34: 1.000000, 0.000000, 0.000000, -0.000000, -0.000000, 0.039022, 0.999238, 0.022054, -0.000000, -0.999238, 0.039022, -0.023867, 0.000000, 0.000000, 0.000000, 1.000000  
        35: 1.000000, 0.000000, 0.000000, -0.000000, -0.000000, 0.039022, 0.999238, 0.023015, -0.000000, -0.999238, 0.039022, -0.023867, 0.000000, 0.000000, 0.000000, 1.000000  
        36: 1.000000, 0.000000, 0.000000, -0.000000, -0.000000, 0.039022, 0.999238, 0.023996, -0.000000, -0.999238, 0.039022, -0.023867, 0.000000, 0.000000, 0.000000, 1.000000  
        37: 1.000000, 0.000000, 0.000000, -0.000000, -0.000000, 0.039022, 0.999238, 0.024995, -0.000000, -0.999238, 0.039022, -0.023867, 0.000000, 0.000000, 0.000000, 1.000000  
        38: 1.000000, 0.000000, 0.000000, -0.000000, -0.000000, 0.039022, 0.999238, 0.026006, -0.000000, -0.999238, 0.039022, -0.023867, 0.000000, 0.000000, 0.000000, 1.000000  
        39: 1.000000, 0.000000, 0.000000, -0.000000, -0.000000, 0.039022, 0.999238, 0.027026, -0.000000, -0.999238, 0.039022, -0.023867, 0.000000, 0.000000, 0.000000, 1.000000  
        40: 1.000000, 0.000000, 0.000000, -0.000000, -0.000000, 0.039022, 0.999238, 0.028048, -0.000000, -0.999238, 0.039022, -0.023867, 0.000000, 0.000000, 0.000000, 1.000000  
        41: 1.000000, 0.000000, 0.000000, -0.000000, -0.000000, 0.039022, 0.999238, 0.029066, -0.000000, -0.999238, 0.039022, -0.023867, 0.000000, 0.000000, 0.000000, 1.000000  
        42: 1.000000, 0.000000, 0.000000, -0.000000, -0.000000, 0.039022, 0.999238, 0.030073, -0.000000, -0.999238, 0.039022, -0.023867, 0.000000, 0.000000, 0.000000, 1.000000  
        43: 1.000000, 0.000000, 0.000000, -0.000000, -0.000000, 0.039022, 0.999238, 0.031062, -0.000000, -0.999238, 0.039022, -0.023867, 0.000000, 0.000000, 0.000000, 1.000000  
        44: 1.000000, 0.000000, 0.000000, -0.000000, -0.000000, 0.039022, 0.999238, 0.032027, -0.000000, -0.999238, 0.039022, -0.023867, 0.000000, 0.000000, 0.000000, 1.000000  
        45: 1.000000, 0.000000, 0.000000, -0.000000, -0.000000, 0.039022, 0.999238, 0.032959, -0.000000, -0.999238, 0.039022, -0.023867, 0.000000, 0.000000, 0.000000, 1.000000  
        46: 1.000000, 0.000000, 0.000000, -0.000000, -0.000000, 0.039022, 0.999238, 0.033853, -0.000000, -0.999238, 0.039022, -0.023867, 0.000000, 0.000000, 0.000000, 1.000000  
        47: 1.000000, 0.000000, 0.000000, -0.000000, -0.000000, 0.039022, 0.999238, 0.034701, -0.000000, -0.999238, 0.039022, -0.023867, 0.000000, 0.000000, 0.000000, 1.000000  
        48: 1.000000, 0.000000, 0.000000, -0.000000, -0.000000, 0.039022, 0.999238, 0.035497, -0.000000, -0.999238, 0.039022, -0.023867, 0.000000, 0.000000, 0.000000, 1.000000  
        49: 1.000000, 0.000000, 0.000000, -0.000000, -0.000000, 0.039022, 0.999238, 0.036237, -0.000000, -0.999238, 0.039022, -0.023867, 0.000000, 0.000000, 0.000000, 1.000000  
        50: 1.000000, 0.000000, 0.000000, -0.000000, -0.000000, 0.039022, 0.999238, 0.036917, -0.000000, -0.999238, 0.039022, -0.023867, 0.000000, 0.000000, 0.000000, 1.000000  
        51: 1.000000, 0.000000, 0.000000, -0.000000, -0.000000, 0.039022, 0.999238, 0.037533, -0.000000, -0.999238, 0.039022, -0.023867, 0.000000, 0.000000, 0.000000, 1.000000  
        52: 1.000000, 0.000000, 0.000000, -0.000000, -0.000000, 0.039022, 0.999238, 0.038083, -0.000000, -0.999238, 0.039022, -0.023867, 0.000000, 0.000000, 0.000000, 1.000000  
        53: 1.000000, 0.000000, 0.000000, -0.000000, -0.000000, 0.039022, 0.999238, 0.038565, -0.000000, -0.999238, 0.039022, -0.023867, 0.000000, 0.000000, 0.000000, 1.000000  
        54: 1.000000, 0.000000, 0.000000, -0.000000, -0.000000, 0.039022, 0.999238, 0.038980, -0.000000, -0.999238, 0.039022, -0.023867, 0.000000, 0.000000, 0.000000, 1.000000  
        55: 1.000000, 0.000000, 0.000000, -0.000000, -0.000000, 0.039022, 0.999238, 0.039327, -0.000000, -0.999238, 0.039022, -0.023867, 0.000000, 0.000000, 0.000000, 1.000000  
        56: 1.000000, 0.000000, 0.000000, -0.000000, -0.000000, 0.039022, 0.999238, 0.039608, -0.000000, -0.999238, 0.039022, -0.023867, 0.000000, 0.000000, 0.000000, 1.000000  
        57: 1.000000, 0.000000, 0.000000, -0.000000, -0.000000, 0.039022, 0.999238, 0.039822, -0.000000, -0.999238, 0.039022, -0.023867, 0.000000, 0.000000, 0.000000, 1.000000  
        58: 1.000000, 0.000000, 0.000000, -0.000000, -0.000000, 0.039022, 0.999238, 0.039973, -0.000000, -0.999238, 0.039022, -0.023867, 0.000000, 0.000000, 0.000000, 1.000000  
        59: 1.000000, 0.000000, 0.000000, -0.000000, -0.000000, 0.039022, 0.999238, 0.040062, -0.000000, -0.999238, 0.039022, -0.023867, 0.000000, 0.000000, 0.000000, 1.000000  
        60: 1.000000, 0.000000, 0.000000, -0.000000, -0.000000, 0.039022, 0.999238, 0.040091, -0.000000, -0.999238, 0.039022, -0.023867, 0.000000, 0.000000, 0.000000, 1.000000  
        61: 1.000000, 0.000000, 0.000000, -0.000000, -0.000000, 0.039022, 0.999238, 0.040038, -0.000000, -0.999238, 0.039022, -0.023867, 0.000000, 0.000000, 0.000000, 1.000000  
        62: 1.000000, 0.000000, 0.000000, -0.000000, -0.000000, 0.039022, 0.999238, 0.039879, -0.000000, -0.999238, 0.039022, -0.023867, 0.000000, 0.000000, 0.000000, 1.000000  
        63: 1.000000, 0.000000, 0.000000, -0.000000, -0.000000, 0.039022, 0.999238, 0.039612, -0.000000, -0.999238, 0.039022, -0.023867, 0.000000, 0.000000, 0.000000, 1.000000  
        64: 1.000000, 0.000000, 0.000000, -0.000000, -0.000000, 0.039022, 0.999238, 0.039237, -0.000000, -0.999238, 0.039022, -0.023867, 0.000000, 0.000000, 0.000000, 1.000000  
        65: 1.000000, 0.000000, 0.000000, -0.000000, -0.000000, 0.039022, 0.999238, 0.038755, -0.000000, -0.999238, 0.039022, -0.023867, 0.000000, 0.000000, 0.000000, 1.000000  
        66: 1.000000, 0.000000, 0.000000, -0.000000, -0.000000, 0.039022, 0.999238, 0.038169, -0.000000, -0.999238, 0.039022, -0.023867, 0.000000, 0.000000, 0.000000, 1.000000  
        67: 1.000000, 0.000000, 0.000000, -0.000000, -0.000000, 0.039022, 0.999238, 0.037482, -0.000000, -0.999238, 0.039022, -0.023867, 0.000000, 0.000000, 0.000000, 1.000000  
        68: 1.000000, 0.000000, 0.000000, -0.000000, -0.000000, 0.039022, 0.999238, 0.036698, -0.000000, -0.999238, 0.039022, -0.023867, 0.000000, 0.000000, 0.000000, 1.000000  
        69: 1.000000, 0.000000, 0.000000, -0.000000, -0.000000, 0.039022, 0.999238, 0.035824, -0.000000, -0.999238, 0.039022, -0.023867, 0.000000, 0.000000, 0.000000, 1.000000  
        70: 1.000000, 0.000000, 0.000000, -0.000000, -0.000000, 0.039022, 0.999238, 0.034869, -0.000000, -0.999238, 0.039022, -0.023867, 0.000000, 0.000000, 0.000000, 1.000000  
        71: 1.000000, 0.000000, 0.000000, -0.000000, -0.000000, 0.039022, 0.999238, 0.033843, -0.000000, -0.999238, 0.039022, -0.023867, 0.000000, 0.000000, 0.000000, 1.000000  
        72: 1.000000, 0.000000, 0.000000, -0.000000, -0.000000, 0.039022, 0.999238, 0.032757, -0.000000, -0.999238, 0.039022, -0.023867, 0.000000, 0.000000, 0.000000, 1.000000  
        73: 1.000000, 0.000000, 0.000000, -0.000000, -0.000000, 0.039022, 0.999238, 0.031625, -0.000000, -0.999238, 0.039022, -0.023867, 0.000000, 0.000000, 0.000000, 1.000000  
        74: 1.000000, 0.000000, 0.000000, -0.000000, -0.000000, 0.039022, 0.999238, 0.030461, -0.000000, -0.999238, 0.039022, -0.023867, 0.000000, 0.000000, 0.000000, 1.000000  
        75: 1.000000, 0.000000, 0.000000, -0.000000, -0.000000, 0.039022, 0.999238, 0.029282, -0.000000, -0.999238, 0.039022, -0.023867, 0.000000, 0.000000, 0.000000, 1.000000  
        76: 1.000000, 0.000000, 0.000000, -0.000000, -0.000000, 0.039022, 0.999238, 0.028102, -0.000000, -0.999238, 0.039022, -0.023867, 0.000000, 0.000000, 0.000000, 1.000000  
        77: 1.000000, 0.000000, 0.000000, -0.000000, -0.000000, 0.039022, 0.999238, 0.026939, -0.000000, -0.999238, 0.039022, -0.023867, 0.000000, 0.000000, 0.000000, 1.000000  
        78: 1.000000, 0.000000, 0.000000, -0.000000, -0.000000, 0.039022, 0.999238, 0.025807, -0.000000, -0.999238, 0.039022, -0.023867, 0.000000, 0.000000, 0.000000, 1.000000  
        79: 1.000000, 0.000000, 0.000000, -0.000000, -0.000000, 0.039022, 0.999238, 0.024721, -0.000000, -0.999238, 0.039022, -0.023867, 0.000000, 0.000000, 0.000000, 1.000000  
        80: 1.000000, 0.000000, 0.000000, -0.000000, -0.000000, 0.039022, 0.999238, 0.023695, -0.000000, -0.999238, 0.039022, -0.023867, 0.000000, 0.000000, 0.000000, 1.000000  
        81: 1.000000, 0.000000, 0.000000, -0.000000, -0.000000, 0.039022, 0.999238, 0.022739, -0.000000, -0.999238, 0.039022, -0.023867, 0.000000, 0.000000, 0.000000, 1.000000  
        82: 1.000000, 0.000000, 0.000000, -0.000000, -0.000000, 0.039022, 0.999238, 0.021866, -0.000000, -0.999238, 0.039022, -0.023867, 0.000000, 0.000000, 0.000000, 1.000000  
        83: 1.000000, 0.000000, 0.000000, -0.000000, -0.000000, 0.039022, 0.999238, 0.021082, -0.000000, -0.999238, 0.039022, -0.023867, 0.000000, 0.000000, 0.000000, 1.000000  
        84: 1.000000, 0.000000, 0.000000, -0.000000, -0.000000, 0.039022, 0.999238, 0.020394, -0.000000, -0.999238, 0.039022, -0.023867, 0.000000, 0.000000, 0.000000, 1.000000  
        85: 1.000000, 0.000000, 0.000000, -0.000000, -0.000000, 0.039022, 0.999238, 0.019808, -0.000000, -0.999238, 0.039022, -0.023867, 0.000000, 0.000000, 0.000000, 1.000000  
        86: 1.000000, 0.000000, 0.000000, -0.000000, -0.000000, 0.039022, 0.999238, 0.019327, -0.000000, -0.999238, 0.039022, -0.023867, 0.000000, 0.000000, 0.000000, 1.000000  
        87: 1.000000, 0.000000, 0.000000, -0.000000, -0.000000, 0.039022, 0.999238, 0.018952, -0.000000, -0.999238, 0.039022, -0.023867, 0.000000, 0.000000, 0.000000, 1.000000  
        88: 1.000000, 0.000000, 0.000000, -0.000000, -0.000000, 0.039022, 0.999238, 0.018685, -0.000000, -0.999238, 0.039022, -0.023867, 0.000000, 0.000000, 0.000000, 1.000000  
        89: 1.000000, 0.000000, 0.000000, -0.000000, -0.000000, 0.039022, 0.999238, 0.018525, -0.000000, -0.999238, 0.039022, -0.023867, 0.000000, 0.000000, 0.000000, 1.000000  
        90: 1.000000, 0.000000, 0.000000, -0.000000, -0.000000, 0.039022, 0.999238, 0.018473, -0.000000, -0.999238, 0.039022, -0.023867, 0.000000, 0.000000, 0.000000, 1.000000  
        91: 1.000000, 0.000000, 0.000000, -0.000000, -0.000000, 0.039022, 0.999238, 0.018473, -0.000000, -0.999238, 0.039022, -0.023867, 0.000000, 0.000000, 0.000000, 1.000000  
        92: 1.000000, 0.000000, 0.000000, -0.000000, -0.000000, 0.039022, 0.999238, 0.018473, -0.000000, -0.999238, 0.039022, -0.023867, 0.000000, 0.000000, 0.000000, 1.000000  
        93: 1.000000, 0.000000, 0.000000, -0.000000, -0.000000, 0.039022, 0.999238, 0.018473, -0.000000, -0.999238, 0.039022, -0.023867, 0.000000, 0.000000, 0.000000, 1.000000  
        94: 1.000000, 0.000000, 0.000000, -0.000000, -0.000000, 0.039022, 0.999238, 0.018473, -0.000000, -0.999238, 0.039022, -0.023867, 0.000000, 0.000000, 0.000000, 1.000000  
        95: 1.000000, 0.000000, 0.000000, -0.000000, -0.000000, 0.039022, 0.999238, 0.018473, -0.000000, -0.999238, 0.039022, -0.023867, 0.000000, 0.000000, 0.000000, 1.000000  
        96: 1.000000, 0.000000, 0.000000, -0.000000, -0.000000, 0.039022, 0.999238, 0.018473, -0.000000, -0.999238, 0.039022, -0.023867, 0.000000, 0.000000, 0.000000, 1.000000  
        97: 1.000000, 0.000000, 0.000000, -0.000000, -0.000000, 0.039022, 0.999238, 0.018473, -0.000000, -0.999238, 0.039022, -0.023867, 0.000000, 0.000000, 0.000000, 1.000000  
        98: 1.000000, 0.000000, 0.000000, -0.000000, -0.000000, 0.039022, 0.999238, 0.018473, -0.000000, -0.999238, 0.039022, -0.023867, 0.000000, 0.000000, 0.000000, 1.000000  
        99: 1.000000, 0.000000, 0.000000, -0.000000, -0.000000, 0.039022, 0.999238, 0.018473, -0.000000, -0.999238, 0.039022, -0.023867, 0.000000, 0.000000, 0.000000, 1.000000  
        100: 1.000000, 0.000000, 0.000000, -0.000000, -0.000000, 0.039022, 0.999238, 0.018473, -0.000000, -0.999238, 0.039022, -0.023867, 0.000000, 0.000000, 0.000000, 1.000000  
        101: 1.000000, 0.000000, 0.000000, -0.000000, -0.000000, 0.039022, 0.999238, 0.018473, -0.000000, -0.999238, 0.039022, -0.023867, 0.000000, 0.000000, 0.000000, 1.000000  
        102: 1.000000, 0.000000, 0.000000, -0.000000, -0.000000, 0.039022, 0.999238, 0.018473, -0.000000, -0.999238, 0.039022, -0.023867, 0.000000, 0.000000, 0.000000, 1.000000  
        103: 1.000000, 0.000000, 0.000000, -0.000000, -0.000000, 0.039022, 0.999238, 0.018473, -0.000000, -0.999238, 0.039022, -0.023867, 0.000000, 0.000000, 0.000000, 1.000000  
        104: 1.000000, 0.000000, 0.000000, -0.000000, -0.000000, 0.039022, 0.999238, 0.018473, -0.000000, -0.999238, 0.039022, -0.023867, 0.000000, 0.000000, 0.000000, 1.000000  
        105: 1.000000, 0.000000, 0.000000, -0.000000, -0.000000, 0.039022, 0.999238, 0.018473, -0.000000, -0.999238, 0.039022, -0.023867, 0.000000, 0.000000, 0.000000, 1.000000  
        106: 1.000000, 0.000000, 0.000000, -0.000000, -0.000000, 0.039022, 0.999238, 0.018473, -0.000000, -0.999238, 0.039022, -0.023867, 0.000000, 0.000000, 0.000000, 1.000000  
        107: 1.000000, 0.000000, 0.000000, -0.000000, -0.000000, 0.039022, 0.999238, 0.018473, -0.000000, -0.999238, 0.039022, -0.023867, 0.000000, 0.000000, 0.000000, 1.000000  
        108: 1.000000, 0.000000, 0.000000, -0.000000, -0.000000, 0.039022, 0.999238, 0.018473, -0.000000, -0.999238, 0.039022, -0.023867, 0.000000, 0.000000, 0.000000, 1.000000  
        109: 1.000000, 0.000000, 0.000000, -0.000000, -0.000000, 0.039022, 0.999238, 0.018473, -0.000000, -0.999238, 0.039022, -0.023867, 0.000000, 0.000000, 0.000000, 1.000000  
        110: 1.000000, 0.000000, 0.000000, -0.000000, -0.000000, 0.039022, 0.999238, 0.018473, -0.000000, -0.999238, 0.039022, -0.023867, 0.000000, 0.000000, 0.000000, 1.000000  
        111: 1.000000, 0.000000, 0.000000, -0.000000, -0.000000, 0.039022, 0.999238, 0.018473, -0.000000, -0.999238, 0.039022, -0.023867, 0.000000, 0.000000, 0.000000, 1.000000  
        112: 1.000000, 0.000000, 0.000000, -0.000000, -0.000000, 0.039022, 0.999238, 0.018473, -0.000000, -0.999238, 0.039022, -0.023867, 0.000000, 0.000000, 0.000000, 1.000000  
        113: 1.000000, 0.000000, 0.000000, -0.000000, -0.000000, 0.039022, 0.999238, 0.018473, -0.000000, -0.999238, 0.039022, -0.023867, 0.000000, 0.000000, 0.000000, 1.000000  
        114: 1.000000, 0.000000, 0.000000, -0.000000, -0.000000, 0.039022, 0.999238, 0.018473, -0.000000, -0.999238, 0.039022, -0.023867, 0.000000, 0.000000, 0.000000, 1.000000  
        115: 1.000000, 0.000000, 0.000000, -0.000000, -0.000000, 0.039022, 0.999238, 0.018473, -0.000000, -0.999238, 0.039022, -0.023867, 0.000000, 0.000000, 0.000000, 1.000000  
        116: 1.000000, 0.000000, 0.000000, -0.000000, -0.000000, 0.039022, 0.999238, 0.018473, -0.000000, -0.999238, 0.039022, -0.023867, 0.000000, 0.000000, 0.000000, 1.000000  
        117: 1.000000, 0.000000, 0.000000, -0.000000, -0.000000, 0.039022, 0.999238, 0.018473, -0.000000, -0.999238, 0.039022, -0.023867, 0.000000, 0.000000, 0.000000, 1.000000  
        118: 1.000000, 0.000000, 0.000000, -0.000000, -0.000000, 0.039022, 0.999238, 0.018473, -0.000000, -0.999238, 0.039022, -0.023867, 0.000000, 0.000000, 0.000000, 1.000000  
        119: 1.000000, 0.000000, 0.000000, -0.000000, -0.000000, 0.039022, 0.999238, 0.018473, -0.000000, -0.999238, 0.039022, -0.023867, 0.000000, 0.000000, 0.000000, 1.000000  
        120: 1.000000, 0.000000, 0.000000, -0.000000, -0.000000, 0.039022, 0.999238, 0.018473, -0.000000, -0.999238, 0.039022, -0.023867, 0.000000, 0.000000, 0.000000, 1.000000  
        121: 1.000000, 0.000000, 0.000000, -0.000000, -0.000000, 0.039055, 0.999237, 0.018457, -0.000000, -0.999237, 0.039055, -0.023887, 0.000000, 0.000000, 0.000000, 1.000000  
        122: 1.000000, 0.000000, 0.000000, -0.000000, -0.000000, 0.039154, 0.999233, 0.018409, -0.000000, -0.999233, 0.039154, -0.023948, 0.000000, 0.000000, 0.000000, 1.000000  
        123: 1.000000, 0.000000, 0.000000, -0.000000, -0.000000, 0.039320, 0.999227, 0.018328, -0.000000, -0.999227, 0.039320, -0.024049, 0.000000, 0.000000, 0.000000, 1.000000  
        124: 1.000000, 0.000000, 0.000000, -0.000000, -0.000000, 0.039552, 0.999218, 0.018215, -0.000000, -0.999217, 0.039552, -0.024191, 0.000000, 0.000000, 0.000000, 1.000000  
        125: 1.000000, 0.000000, 0.000000, -0.000000, -0.000000, 0.039852, 0.999206, 0.018070, -0.000000, -0.999206, 0.039852, -0.024374, 0.000000, 0.000000, 0.000000, 1.000000  
        126: 1.000000, 0.000000, 0.000000, -0.000000, -0.000000, 0.040218, 0.999191, 0.017892, -0.000000, -0.999191, 0.040218, -0.024598, 0.000000, 0.000000, 0.000000, 1.000000  
        127: 1.000000, 0.000000, 0.000000, -0.000000, -0.000000, 0.040652, 0.999173, 0.017682, -0.000000, -0.999173, 0.040652, -0.024863, 0.000000, 0.000000, 0.000000, 1.000000  
        128: 1.000000, 0.000000, 0.000000, -0.000000, -0.000000, 0.041153, 0.999153, 0.017439, -0.000000, -0.999153, 0.041153, -0.025170, 0.000000, 0.000000, 0.000000, 1.000000  
        129: 1.000000, 0.000000, 0.000000, -0.000000, -0.000000, 0.041721, 0.999129, 0.017164, -0.000000, -0.999129, 0.041721, -0.025517, 0.000000, 0.000000, 0.000000, 1.000000  
        130: 1.000000, 0.000000, 0.000000, -0.000000, -0.000000, 0.042355, 0.999103, 0.016857, -0.000000, -0.999103, 0.042355, -0.025904, 0.000000, 0.000000, 0.000000, 1.000000  
        131: 1.000000, 0.000000, 0.000000, -0.000000, -0.000000, 0.043054, 0.999073, 0.016519, -0.000000, -0.999073, 0.043054, -0.026331, 0.000000, 0.000000, 0.000000, 1.000000  
        132: 1.000000, 0.000000, 0.000000, -0.000000, -0.000000, 0.043817, 0.999040, 0.016150, -0.000000, -0.999039, 0.043817, -0.026798, 0.000000, 0.000000, 0.000000, 1.000000  
        133: 1.000000, 0.000000, 0.000000, -0.000000, -0.000000, 0.044644, 0.999003, 0.015751, -0.000000, -0.999003, 0.044644, -0.027303, 0.000000, 0.000000, 0.000000, 1.000000  
        134: 1.000000, 0.000000, 0.000000, -0.000000, -0.000000, 0.045533, 0.998963, 0.015322, -0.000000, -0.998963, 0.045533, -0.027846, 0.000000, 0.000000, 0.000000, 1.000000  
        135: 1.000000, 0.000000, 0.000000, -0.000000, -0.000000, 0.046482, 0.998919, 0.014865, -0.000000, -0.998919, 0.046482, -0.028426, 0.000000, 0.000000, 0.000000, 1.000000  
        136: 1.000000, 0.000000, 0.000000, -0.000000, -0.000000, 0.047489, 0.998872, 0.014381, -0.000000, -0.998872, 0.047489, -0.029041, 0.000000, 0.000000, 0.000000, 1.000000  
        137: 1.000000, 0.000000, 0.000000, -0.000000, -0.000000, 0.048552, 0.998821, 0.013870, -0.000000, -0.998821, 0.048552, -0.029691, 0.000000, 0.000000, 0.000000, 1.000000  
        138: 1.000000, 0.000000, 0.000000, -0.000000, -0.000000, 0.049668, 0.998766, 0.013334, -0.000000, -0.998766, 0.049668, -0.030373, 0.000000, 0.000000, 0.000000, 1.000000  
        139: 1.000000, 0.000000, 0.000000, -0.000000, -0.000000, 0.050836, 0.998707, 0.012775, -0.000000, -0.998707, 0.050836, -0.031086, 0.000000, 0.000000, 0.000000, 1.000000  
        140: 1.000000, 0.000000, 0.000000, -0.000000, -0.000000, 0.052051, 0.998644, 0.012194, -0.000000, -0.998644, 0.052051, -0.031829, 0.000000, 0.000000, 0.000000, 1.000000  
        141: 1.000000, 0.000000, 0.000000, -0.000000, -0.000000, 0.053310, 0.998578, 0.011592, -0.000000, -0.998578, 0.053310, -0.032598, 0.000000, 0.000000, 0.000000, 1.000000  
        142: 1.000000, 0.000000, 0.000000, -0.000000, -0.000000, 0.054611, 0.998508, 0.010972, -0.000000, -0.998508, 0.054611, -0.033393, 0.000000, 0.000000, 0.000000, 1.000000  
        143: 1.000000, 0.000000, 0.000000, -0.000000, -0.000000, 0.055948, 0.998434, 0.010335, -0.000000, -0.998434, 0.055948, -0.034210, 0.000000, 0.000000, 0.000000, 1.000000  
        144: 1.000000, 0.000000, 0.000000, -0.000000, -0.000000, 0.057319, 0.998356, 0.009683, -0.000000, -0.998356, 0.057319, -0.035047, 0.000000, 0.000000, 0.000000, 1.000000  
        145: 1.000000, 0.000000, 0.000000, -0.000000, -0.000000, 0.058718, 0.998275, 0.009019, -0.000000, -0.998275, 0.058718, -0.035902, 0.000000, 0.000000, 0.000000, 1.000000  
        146: 1.000000, 0.000000, 0.000000, -0.000000, -0.000000, 0.060141, 0.998190, 0.008345, -0.000000, -0.998190, 0.060141, -0.036771, 0.000000, 0.000000, 0.000000, 1.000000  
        147: 1.000000, 0.000000, 0.000000, -0.000000, -0.000000, 0.061584, 0.998102, 0.007663, -0.000000, -0.998102, 0.061584, -0.037652, 0.000000, 0.000000, 0.000000, 1.000000  
        148: 1.000000, 0.000000, 0.000000, -0.000000, -0.000000, 0.063042, 0.998011, 0.006975, -0.000000, -0.998011, 0.063042, -0.038543, 0.000000, 0.000000, 0.000000, 1.000000  
        149: 1.000000, 0.000000, 0.000000, -0.000000, -0.000000, 0.064509, 0.997917, 0.006283, -0.000000, -0.997917, 0.064509, -0.039439, 0.000000, 0.000000, 0.000000, 1.000000  
        150: 1.000000, 0.000000, 0.000000, -0.000000, -0.000000, 0.065982, 0.997821, 0.005591, -0.000000, -0.997821, 0.065982, -0.040338, 0.000000, 0.000000, 0.000000, 1.000000  
        151: 1.000000, 0.000000, 0.000000, -0.000000, -0.000000, 0.067454, 0.997722, 0.004899, -0.000000, -0.997722, 0.067454, -0.041237, 0.000000, 0.000000, 0.000000, 1.000000  
        152: 1.000000, 0.000000, 0.000000, -0.000000, -0.000000, 0.068921, 0.997622, 0.004212, -0.000000, -0.997622, 0.068921, -0.042133, 0.000000, 0.000000, 0.000000, 1.000000  
        153: 1.000000, 0.000000, 0.000000, -0.000000, -0.000000, 0.070378, 0.997520, 0.003530, -0.000000, -0.997520, 0.070378, -0.043022, 0.000000, 0.000000, 0.000000, 1.000000  
        154: 1.000000, 0.000000, 0.000000, -0.000000, -0.000000, 0.071820, 0.997418, 0.002857, -0.000000, -0.997418, 0.071820, -0.043903, 0.000000, 0.000000, 0.000000, 1.000000  
        155: 1.000000, 0.000000, 0.000000, -0.000000, -0.000000, 0.073242, 0.997314, 0.002194, -0.000000, -0.997314, 0.073242, -0.044771, 0.000000, 0.000000, 0.000000, 1.000000  
        156: 1.000000, 0.000000, 0.000000, -0.000000, -0.000000, 0.074640, 0.997211, 0.001544, -0.000000, -0.997211, 0.074640, -0.045624, 0.000000, 0.000000, 0.000000, 1.000000  
        157: 1.000000, 0.000000, 0.000000, -0.000000, -0.000000, 0.076009, 0.997107, 0.000908, -0.000000, -0.997107, 0.076009, -0.046460, 0.000000, 0.000000, 0.000000, 1.000000  
        158: 1.000000, 0.000000, 0.000000, -0.000000, -0.000000, 0.077344, 0.997004, 0.000289, -0.000000, -0.997004, 0.077344, -0.047275, 0.000000, 0.000000, 0.000000, 1.000000  
        159: 1.000000, 0.000000, 0.000000, -0.000000, -0.000000, 0.078643, 0.996903, -0.000313, -0.000000, -0.996903, 0.078643, -0.048068, 0.000000, 0.000000, 0.000000, 1.000000  
        160: 1.000000, 0.000000, 0.000000, -0.000000, -0.000000, 0.079900, 0.996803, -0.000894, -0.000000, -0.996803, 0.079900, -0.048835, 0.000000, 0.000000, 0.000000, 1.000000  
        161: 1.000000, 0.000000, 0.000000, -0.000000, -0.000000, 0.081113, 0.996705, -0.001453, -0.000000, -0.996705, 0.081113, -0.049575, 0.000000, 0.000000, 0.000000, 1.000000  
        162: 1.000000, 0.000000, 0.000000, -0.000000, -0.000000, 0.082278, 0.996610, -0.001990, -0.000000, -0.996609, 0.082278, -0.050286, 0.000000, 0.000000, 0.000000, 1.000000  
        163: 1.000000, 0.000000, 0.000000, -0.000000, -0.000000, 0.083392, 0.996517, -0.002503, -0.000000, -0.996517, 0.083392, -0.050966, 0.000000, 0.000000, 0.000000, 1.000000  
        164: 1.000000, 0.000000, 0.000000, -0.000000, -0.000000, 0.084452, 0.996428, -0.002991, -0.000000, -0.996428, 0.084452, -0.051614, 0.000000, 0.000000, 0.000000, 1.000000  
        165: 1.000000, 0.000000, 0.000000, -0.000000, -0.000000, 0.085457, 0.996342, -0.003452, -0.000000, -0.996342, 0.085457, -0.052227, 0.000000, 0.000000, 0.000000, 1.000000  
        166: 1.000000, 0.000000, 0.000000, -0.000000, -0.000000, 0.086403, 0.996260, -0.003885, -0.000000, -0.996260, 0.086403, -0.052804, 0.000000, 0.000000, 0.000000, 1.000000  
        167: 1.000000, 0.000000, 0.000000, -0.000000, -0.000000, 0.087289, 0.996183, -0.004291, -0.000000, -0.996183, 0.087289, -0.053345, 0.000000, 0.000000, 0.000000, 1.000000  
        168: 1.000000, 0.000000, 0.000000, -0.000000, -0.000000, 0.088114, 0.996110, -0.004668, -0.000000, -0.996110, 0.088114, -0.053848, 0.000000, 0.000000, 0.000000, 1.000000  
        169: 1.000000, 0.000000, 0.000000, -0.000000, -0.000000, 0.088875, 0.996043, -0.005016, -0.000000, -0.996043, 0.088875, -0.054312, 0.000000, 0.000000, 0.000000, 1.000000  
        170: 1.000000, 0.000000, 0.000000, -0.000000, -0.000000, 0.089572, 0.995980, -0.005335, -0.000000, -0.995980, 0.089572, -0.054738, 0.000000, 0.000000, 0.000000, 1.000000  
        171: 1.000000, 0.000000, 0.000000, -0.000000, -0.000000, 0.090204, 0.995923, -0.005623, -0.000000, -0.995923, 0.090204, -0.055123, 0.000000, 0.000000, 0.000000, 1.000000  
        172: 1.000000, 0.000000, 0.000000, -0.000000, -0.000000, 0.090770, 0.995872, -0.005881, -0.000000, -0.995872, 0.090770, -0.055468, 0.000000, 0.000000, 0.000000, 1.000000  
        173: 1.000000, 0.000000, 0.000000, -0.000000, -0.000000, 0.091269, 0.995826, -0.006108, -0.000000, -0.995826, 0.091269, -0.055773, 0.000000, 0.000000, 0.000000, 1.000000  
        174: 1.000000, 0.000000, 0.000000, -0.000000, -0.000000, 0.091701, 0.995787, -0.006305, -0.000000, -0.995787, 0.091701, -0.056037, 0.000000, 0.000000, 0.000000, 1.000000  
        175: 1.000000, 0.000000, 0.000000, -0.000000, -0.000000, 0.092067, 0.995753, -0.006471, -0.000000, -0.995753, 0.092067, -0.056260, 0.000000, 0.000000, 0.000000, 1.000000  
        176: 1.000000, 0.000000, 0.000000, -0.000000, -0.000000, 0.092365, 0.995725, -0.006607, -0.000000, -0.995725, 0.092365, -0.056442, 0.000000, 0.000000, 0.000000, 1.000000  
        177: 1.000000, 0.000000, 0.000000, -0.000000, -0.000000, 0.092597, 0.995704, -0.006713, -0.000000, -0.995704, 0.092597, -0.056583, 0.000000, 0.000000, 0.000000, 1.000000  
        178: 1.000000, 0.000000, 0.000000, -0.000000, -0.000000, 0.092762, 0.995688, -0.006788, -0.000000, -0.995688, 0.092762, -0.056684, 0.000000, 0.000000, 0.000000, 1.000000  
        179: 1.000000, 0.000000, 0.000000, -0.000000, -0.000000, 0.092860, 0.995679, -0.006832, -0.000000, -0.995679, 0.092860, -0.056744, 0.000000, 0.000000, 0.000000, 1.000000  
    Torso:
        1: 1.000000, 0.000000, 0.000000, -0.000000, -0.000000, 0.092934, 0.995672, -0.006799, 0.000000, -0.995672, 0.092934, -0.056814, 0.000000, 0.000000, 0.000000, 1.000000  
        2: 1.000000, 0.000000, 0.000000, -0.000000, -0.000000, 0.093063, 0.995660, -0.006653, 0.000000, -0.995660, 0.093063, -0.056969, 0.000000, 0.000000, 0.000000, 1.000000  
        3: 1.000000, 0.000000, 0.000000, -0.000000, -0.000000, 0.093285, 0.995639, -0.006404, 0.000000, -0.995639, 0.093285, -0.057235, 0.000000, 0.000000, 0.000000, 1.000000  
        4: 1.000000, 0.000000, 0.000000, -0.000000, -0.000000, 0.093610, 0.995609, -0.006052, 0.000000, -0.995609, 0.093610, -0.057617, 0.000000, 0.000000, 0.000000, 1.000000  
        5: 1.000000, 0.000000, 0.000000, -0.000000, -0.000000, 0.094045, 0.995568, -0.005595, 0.000000, -0.995568, 0.094045, -0.058120, 0.000000, 0.000000, 0.000000, 1.000000  
        6: 1.000000, 0.000000, 0.000000, -0.000000, -0.000000, 0.094598, 0.995516, -0.005029, 0.000000, -0.995516, 0.094598, -0.058751, 0.000000, 0.000000, 0.000000, 1.000000  
        7: 1.000000, 0.000000, 0.000000, -0.000000, -0.000000, 0.095277, 0.995451, -0.004357, 0.000000, -0.995451, 0.095277, -0.059514, 0.000000, 0.000000, 0.000000, 1.000000  
        8: 1.000000, 0.000000, 0.000000, -0.000000, -0.000000, 0.096089, 0.995373, -0.003578, 0.000000, -0.995373, 0.096089, -0.060413, 0.000000, 0.000000, 0.000000, 1.000000  
        9: 1.000000, 0.000000, 0.000000, -0.000000, -0.000000, 0.097042, 0.995280, -0.002694, 0.000000, -0.995280, 0.097042, -0.061451, 0.000000, 0.000000, 0.000000, 1.000000  
        10: 1.000000, 0.000000, 0.000000, -0.000000, -0.000000, 0.098142, 0.995172, -0.001709, 0.000000, -0.995172, 0.098142, -0.062630, 0.000000, 0.000000, 0.000000, 1.000000  
        11: 1.000000, 0.000000, 0.000000, -0.000000, -0.000000, 0.099394, 0.995048, -0.000627, 0.000000, -0.995048, 0.099394, -0.063949, 0.000000, 0.000000, 0.000000, 1.000000  
        12: 1.000000, 0.000000, 0.000000, -0.000000, -0.000000, 0.100802, 0.994907, 0.000546, 0.000000, -0.994906, 0.100802, -0.065408, 0.000000, 0.000000, 0.000000, 1.000000  
        13: 1.000000, 0.000000, 0.000000, -0.000000, -0.000000, 0.102368, 0.994747, 0.001801, 0.000000, -0.994747, 0.102368, -0.067003, 0.000000, 0.000000, 0.000000, 1.000000  
        14: 1.000000, 0.000000, 0.000000, -0.000000, -0.000000, 0.104093, 0.994568, 0.003130, 0.000000, -0.994568, 0.104093, -0.068730, 0.000000, 0.000000, 0.000000, 1.000000  
        15: 1.000000, 0.000000, 0.000000, -0.000000, -0.000000, 0.105976, 0.994369, 0.004523, 0.000000, -0.994369, 0.105976, -0.070581, 0.000000, 0.000000, 0.000000, 1.000000  
        16: 1.000000, 0.000000, 0.000000, -0.000000, -0.000000, 0.108012, 0.994150, 0.005970, 0.000000, -0.994149, 0.108012, -0.072549, 0.000000, 0.000000, 0.000000, 1.000000  
        17: 1.000000, 0.000000, 0.000000, -0.000000, -0.000000, 0.110198, 0.993910, 0.007458, 0.000000, -0.993910, 0.110198, -0.074624, 0.000000, 0.000000, 0.000000, 1.000000  
        18: 1.000000, 0.000000, 0.000000, -0.000000, -0.000000, 0.112526, 0.993649, 0.008977, 0.000000, -0.993649, 0.112526, -0.076795, 0.000000, 0.000000, 0.000000, 1.000000  
        19: 1.000000, 0.000000, 0.000000, -0.000000, -0.000000, 0.114988, 0.993367, 0.010514, 0.000000, -0.993367, 0.114988, -0.079050, 0.000000, 0.000000, 0.000000, 1.000000  
        20: 1.000000, 0.000000, 0.000000, -0.000000, -0.000000, 0.117575, 0.993064, 0.012060, 0.000000, -0.993064, 0.117575, -0.081378, 0.000000, 0.000000, 0.000000, 1.000000  
        21: 1.000000, 0.000000, 0.000000, -0.000000, -0.000000, 0.120277, 0.992740, 0.013604, 0.000000, -0.992740, 0.120277, -0.083767, 0.000000, 0.000000, 0.000000, 1.000000  
        22: 1.000000, 0.000000, 0.000000, -0.000000, -0.000000, 0.123083, 0.992396, 0.015137, 0.000000, -0.992396, 0.123083, -0.086206, 0.000000, 0.000000, 0.000000, 1.000000  
        23: 1.000000, 0.000000, 0.000000, -0.000000, -0.000000, 0.125982, 0.992033, 0.016650, 0.000000, -0.992032, 0.125982, -0.088682, 0.000000, 0.000000, 0.000000, 1.000000  
        24: 1.000000, 0.000000, 0.000000, -0.000000, -0.000000, 0.128964, 0.991649, 0.018137, 0.000000, -0.991649, 0.128964, -0.091186, 0.000000, 0.000000, 0.000000, 1.000000  
        25: 1.000000, 0.000000, 0.000000, -0.000000, -0.000000, 0.132019, 0.991247, 0.019591, 0.000000, -0.991247, 0.132019, -0.093708, 0.000000, 0.000000, 0.000000, 1.000000  
        26: 1.000000, 0.000000, 0.000000, -0.000000, -0.000000, 0.135137, 0.990827, 0.021007, 0.000000, -0.990827, 0.135137, -0.096240, 0.000000, 0.000000, 0.000000, 1.000000  
        27: 1.000000, 0.000000, 0.000000, -0.000000, -0.000000, 0.138309, 0.990389, 0.022382, 0.000000, -0.990389, 0.138309, -0.098775, 0.000000, 0.000000, 0.000000, 1.000000  
        28: 1.000000, 0.000000, 0.000000, -0.000000, -0.000000, 0.141527, 0.989934, 0.023713, 0.000000, -0.989934, 0.141527, -0.101304, 0.000000, 0.000000, 0.000000, 1.000000  
        29: 1.000000, 0.000000, 0.000000, -0.000000, -0.000000, 0.144782, 0.989464, 0.024997, 0.000000, -0.989463, 0.144782, -0.103824, 0.000000, 0.000000, 0.000000, 1.000000  
        30: 1.000000, -0.000000, -0.000000, -0.000000, 0.000000, 0.148069, 0.988977, 0.026232, -0.000000, -0.988977, 0.148069, -0.106328, 0.000000, 0.000000, 0.000000, 1.000000  
        31: 1.000000, -0.000282, 0.000030, -0.000022, 0.000013, 0.151439, 0.988467, 0.027471, -0.000283, -0.988466, 0.151439, -0.108880, 0.000000, 0.000000, 0.000000, 1.000000  
        32: 0.999999, -0.001132, 0.000121, -0.000092, 0.000056, 0.154946, 0.987923, 0.028764, -0.001137, -0.987922, 0.154946, -0.111540, 0.000000, 0.000000, 0.000000, 1.000000  
        33: 0.999997, -0.002555, 0.000278, -0.000211, 0.000130, 0.158585, 0.987345, 0.030112, -0.002567, -0.987342, 0.158585, -0.114306, 0.000000, 0.000000, 0.000000, 1.000000  
        34: 0.999990, -0.004552, 0.000505, -0.000382, 0.000241, 0.162347, 0.986734, 0.031513, -0.004574, -0.986723, 0.162347, -0.117171, 0.000000, 0.000000, 0.000000, 1.000000  
        35: 0.999974, -0.007118, 0.000803, -0.000608, 0.000391, 0.166224, 0.986088, 0.032963, -0.007152, -0.986062, 0.166222, -0.120127, 0.000000, 0.000000, 0.000000, 1.000000  
        36: 0.999947, -0.010241, 0.001177, -0.000890, 0.000584, 0.170201, 0.985409, 0.034460, -0.010292, -0.985356, 0.170198, -0.123165, 0.000000, 0.000000, 0.000000, 1.000000  
        37: 0.999902, -0.013902, 0.001626, -0.001231, 0.000821, 0.174264, 0.984699, 0.035998, -0.013973, -0.984601, 0.174258, -0.126272, 0.000000, 0.000000, 0.000000, 1.000000  
        38: 0.999834, -0.018075, 0.002153, -0.001630, 0.001106, 0.178393, 0.983959, 0.037572, -0.018169, -0.983793, 0.178384, -0.129433, 0.000000, 0.000000, 0.000000, 1.000000  
        39: 0.999738, -0.022725, 0.002756, -0.002087, 0.001440, 0.182568, 0.983192, 0.039174, -0.022846, -0.982930, 0.182553, -0.132633, 0.000000, 0.000000, 0.000000, 1.000000  
        40: 0.999608, -0.027805, 0.003432, -0.002599, 0.001822, 0.186764, 0.982403, 0.040797, -0.027956, -0.982011, 0.186741, -0.135851, 0.000000, 0.000000, 0.000000, 1.000000  
        41: 0.999438, -0.033261, 0.004178, -0.003165, 0.002251, 0.190953, 0.981597, 0.042429, -0.033447, -0.981035, 0.190921, -0.139066, 0.000000, 0.000000, 0.000000, 1.000000  
        42: 0.999226, -0.039030, 0.004987, -0.003779, 0.002726, 0.195107, 0.980778, 0.044060, -0.039253, -0.980005, 0.195062, -0.142255, 0.000000, 0.000000, 0.000000, 1.000000  
        43: 0.998968, -0.045040, 0.005851, -0.004435, 0.003241, 0.199194, 0.979955, 0.045677, -0.045302, -0.978924, 0.199135, -0.145395, 0.000000, 0.000000, 0.000000, 1.000000  
        44: 0.998665, -0.051212, 0.006759, -0.005125, 0.003792, 0.203183, 0.979133, 0.047268, -0.051517, -0.977800, 0.203107, -0.148460, 0.000000, 0.000000, 0.000000, 1.000000  
